# Perfect Binary Golay Code [23,12,7]
# Obtained by puncturing position 23 of self-dual [24,12,8]

1 1 1 1 1 1 1 1 1 1 1 1 1 1 1 1 1 1 1 1 1 1 1
1 1 1 1 1 1 1 1 0 0 0 0 0 0 0 0 0 0 0 0 0 0 0
1 1 1 1 0 0 0 0 1 1 1 1 0 0 0 0 0 0 0 0 0 0 0
1 1 1 1 0 0 0 0 0 0 0 0 1 1 1 1 0 0 0 0 0 0 0
1 1 1 1 0 0 0 0 0 0 0 0 0 0 0 0 1 1 1 1 0 0 0
1 1 1 0 1 0 0 0 1 0 0 0 1 0 0 0 1 0 0 0 1 0 0
1 1 1 0 1 0 0 0 0 1 0 0 0 1 0 0 0 1 0 0 0 1 0
1 1 1 0 1 0 0 0 0 0 1 0 0 0 1 0 0 0 1 0 0 0 1
1 1 1 0 0 1 0 0 1 0 0 0 0 1 0 0 0 0 1 0 0 0 0
1 1 1 0 0 0 1 0 1 0 0 0 0 0 1 0 0 0 0 1 0 1 0
1 1 0 1 1 0 0 0 1 0 0 0 0 1 0 0 0 0 0 1 0 0 1
1 0 1 1 1 0 0 0 1 0 0 0 0 0 1 0 0 1 0 0 0 0 0
